 0  2.5000000000000001E-002  2.5000000000000001E-002  4.0000000000000000E+001  4.0000000000000000E+001
 1  2.5000000000000001E-002  2.5000000000000001E-002  4.0000000000000000E+001  4.0000000000000000E+001
 2  2.5000000000000001E-002  2.4999999999999998E-002  4.0000000000000000E+001  4.0000000000000000E+001
 3  2.4999999999999994E-002  2.5000000000000001E-002  4.0000000000000007E+001  4.0000000000000000E+001
 4  2.5000000000000008E-002  2.5000000000000001E-002  3.9999999999999986E+001  4.0000000000000000E+001
 5  2.4999999999999994E-002  2.4999999999999994E-002  4.0000000000000007E+001  4.0000000000000007E+001
 6  2.4999999999999994E-002  2.4999999999999994E-002  4.0000000000000007E+001  4.0000000000000007E+001
 7  2.4999999999999994E-002  2.5000000000000008E-002  4.0000000000000007E+001  3.9999999999999986E+001
 8  2.5000000000000022E-002  2.5000000000000008E-002  3.9999999999999964E+001  3.9999999999999986E+001
 9  2.4999999999999994E-002  2.4999999999999994E-002  4.0000000000000007E+001  4.0000000000000007E+001
10  2.4999999999999994E-002  2.5000000000000008E-002  4.0000000000000007E+001  3.9999999999999986E+001
11  2.5000000000000022E-002  2.4999999999999994E-002  3.9999999999999964E+001  4.0000000000000007E+001
12  2.4999999999999967E-002  2.4999999999999994E-002  4.0000000000000057E+001  4.0000000000000007E+001
13  2.5000000000000022E-002  2.4999999999999994E-002  3.9999999999999964E+001  4.0000000000000007E+001
14  2.4999999999999967E-002  2.4999999999999994E-002  4.0000000000000057E+001  4.0000000000000007E+001
15  2.5000000000000022E-002  2.5000000000000022E-002  3.9999999999999964E+001  3.9999999999999964E+001
16  2.5000000000000022E-002  2.4999999999999994E-002  3.9999999999999964E+001  4.0000000000000007E+001
17  2.4999999999999967E-002  2.4999999999999994E-002  4.0000000000000057E+001  4.0000000000000007E+001
18  2.5000000000000022E-002  2.4999999999999994E-002  3.9999999999999964E+001  4.0000000000000007E+001
19  2.4999999999999967E-002  2.4999999999999994E-002  4.0000000000000057E+001  4.0000000000000007E+001
20  2.5000000000000022E-002  2.5000000000000022E-002  3.9999999999999964E+001  3.9999999999999964E+001
21  2.5000000000000022E-002  2.5000000000000022E-002  3.9999999999999964E+001  3.9999999999999964E+001
22  2.5000000000000022E-002  2.4999999999999967E-002  3.9999999999999964E+001  4.0000000000000057E+001
23  2.4999999999999911E-002  2.4999999999999967E-002  4.0000000000000142E+001  4.0000000000000057E+001
24  2.5000000000000022E-002  2.5000000000000022E-002  3.9999999999999964E+001  3.9999999999999964E+001
25  2.5000000000000022E-002  2.5000000000000022E-002  3.9999999999999964E+001  3.9999999999999964E+001
26  2.5000000000000022E-002  2.5000000000000022E-002  3.9999999999999964E+001  3.9999999999999964E+001
27  2.5000000000000022E-002  2.4999999999999967E-002  3.9999999999999964E+001  4.0000000000000057E+001
28  2.4999999999999911E-002  2.4999999999999967E-002  4.0000000000000142E+001  4.0000000000000057E+001
29  2.5000000000000022E-002  2.5000000000000022E-002  3.9999999999999964E+001  3.9999999999999964E+001
30  2.5000000000000022E-002  2.5000000000000022E-002  3.9999999999999964E+001  3.9999999999999964E+001
31  2.5000000000000022E-002  2.5000000000000022E-002  3.9999999999999964E+001  3.9999999999999964E+001
32  2.5000000000000022E-002  2.4999999999999967E-002  3.9999999999999964E+001  4.0000000000000057E+001
33  2.4999999999999911E-002  2.4999999999999967E-002  4.0000000000000142E+001  4.0000000000000057E+001
34  2.5000000000000022E-002  2.5000000000000022E-002  3.9999999999999964E+001  3.9999999999999964E+001
35  2.5000000000000022E-002  2.5000000000000022E-002  3.9999999999999964E+001  3.9999999999999964E+001
36  2.5000000000000022E-002  2.5000000000000022E-002  3.9999999999999964E+001  3.9999999999999964E+001
37  2.5000000000000022E-002  2.4999999999999967E-002  3.9999999999999964E+001  4.0000000000000057E+001
38  2.4999999999999911E-002  2.4999999999999967E-002  4.0000000000000142E+001  4.0000000000000057E+001
39  2.5000000000000022E-002  2.5000000000000022E-002  3.9999999999999964E+001  3.9999999999999964E+001
40  2.5000000000000022E-002  2.5000000000000022E-002  3.9999999999999964E+001  3.9999999999999964E+001
41  2.4999999999999911E-002  2.5000000000000022E-002  4.0000000000000142E+001  3.9999999999999964E+001
